1, ho_st1 ho_st 457 196 567 321 act;
1ho_st1, act::active_store 0;
2ho_st1, params_only 0;
3ho_st1, pfl_par_menu -no-;
4ho_st1, pfl_act_menu no;
5ho_st1, ll.dims 0;
6ho_st1, osc_port 7400;
7ho_st1, watch_menu time;
8ho_st1, vol_slider 0.635827;
9ho_st1, vol_ramp 1000;
10ho_st1, vol 1.;
11ho_st1, title_menu closeall;
12ho_st1, tetris_menu;
13ho_st1, screen 1;
14ho_st1, rec 0;
15ho_st1, pres_menu TEXT;
16ho_st1, ppooll -1;
17ho_st1, menubar 0;
18ho_st1, jit.on 1;
19ho_st1, favorites;
20ho_st1, envi_menu write;
21ho_st1, def -1;
22ho_st1, audioON/OFF 0;
23ho_st1, act_menu 2Dsliders;
2, fffb@1 fffb@ 277 487 761 696 act;
1fffb@1, ll.inputmix::levels 1. 1. 1;
2fffb@1, ll.blues::state 1 1 1 1 0 0 1;
3fffb@1, ll.blues::dest_channels out_l out_r out_l out_r;
4fffb@1, ll.blues::dest_acts ho_st1 ho_st1 ho_st1 ho_st1;
5fffb@1, ll.blues::levels 1. 1. 0. 0. 10. 0. 0.5;
6fffb@1, act::active_store 0;
7fffb@1, presets 0;
8fffb@1, preset-ramp 0;
9fffb@1, gains 0.4796 0.4796 0.4796 0.4796 0.4796 0.4796 0.4796 0.4796 0.4796 0.4796 0.4796;
10fffb@1, freqs 298.640015 365.380005 562.150024 600.309998 1044.48999 1807.400024 2742.919922 3777.5 4724.569824 7154.569824 7154.569824;
11fffb@1, Qs 67.120003 40.610001 34.34 22.549999 14.78 17.51 20.73 20.73 13.58 31.57 67.120003;
12fffb@1, pans 13.333333 22.222221 28.888889 31.111111 46.666668 57.777779 66.666664 68.888885 71.111115 75.555557 82.222221;
13fffb@1, 1st_gain 1;
14fffb@1, 1st_freq 0;
15fffb@1, 1st_Q 0;
16fffb@1, pan-default -1;
17fffb@1, gain-default -1;
18fffb@1, freq-default 0;
19fffb@1, Q-default -1;
20fffb@1, interval 28.;
21fffb@1, freq_mode 1;
22fffb@1, pres_menu;
23fffb@1, tetris_menu;
24fffb@1, title_menu info;
25fffb@1, master 0;
3, modul.ator1 modul.ator 281 126 648 185 act;
1modul.ator1, act::active_store 0;
2modul.ator1, freq_Hz 0.018555;
3modul.ator1, freq 0.018555;
4modul.ator1, size 512;
5modul.ator1, hz-ms-switch Hz;
6modul.ator1, wave-calc saw;
7modul.ator1, waves -no-;
8modul.ator1, buffer-menu mod.native;
9modul.ator1, on/off 1;
10modul.ator1, low -0.03;
11modul.ator1, link-lo-hi 2;
12modul.ator1, high 0.032109;
13modul.ator1, log 0.;
14modul.ator1, syncto sync-off;
15modul.ator1, rate 0.;
16modul.ator1, ring_in 0;
17modul.ator1, interpolate 1;
18modul.ator1, loop 1;
19modul.ator1, settriggermode 0;
20modul.ator1, trigger 0;
21modul.ator1, mes/sig 1.;
22modul.ator1, act_menu overdrive@1;
23modul.ator1, par_menu l+r_in;
24modul.ator1, list_param_item 1;
25modul.ator1, smooth_amt 1;
26modul.ator1, endsmooth 0;
27modul.ator1, smooth 0;
28modul.ator1, speedlim 0;
29modul.ator1, low-slider-min 0.;
30modul.ator1, get! -1;
31modul.ator1, low-slider-max 0.;
32modul.ator1, ramp 0;
33modul.ator1, high-slider-min 0.;
34modul.ator1, high-slider-max 1.;
35modul.ator1, presets 0;
36modul.ator1, preset-ramp 0.009607 0.010841 0.012149 0.01353 0.014984 0.016512 0.018112 0.019785 0.02153 0.023347 0.025236 0.027196 0.029228 0.03133 0.033503 0.035747 0.03806 0.040443 0.042895 0.045416 0.048005 0.050663 0.053388 0.05618 0.059039 0.061965 0.064956 0.068013 0.071135 0.074322 0.077573 0.080887 0.084265 0.087705 0.091207 0.094771 0.098396 0.102081 0.105827 0.109631 0.113494 0.117416 0.121395 0.125432 0.129524 0.133673 0.137876 0.142134 0.146446 0.150812 0.15523 0.159699 0.16422 0.168792 0.173413 0.178084 0.182803 0.18757 0.192384 0.197244 0.20215 0.207101 0.212096 0.217134 0.222215 0.227337 0.232501 0.237705 0.242948 0.24823 0.253551 0.258908 0.264301 0.26973 0.275194 0.280692 0.286222 0.291785 0.297379 0.303004 0.308658 0.314341 0.320052 0.32579 0.331555 0.337344 0.343159 0.348997 0.354857 0.36074 0.366643 0.372567 0.37851 0.38447 0.390449 0.396444 0.402454 0.40848 0.414519 0.420571 0.426634 0.432709 0.438794 0.444889 0.450991 0.457101 0.463217 0.469339 0.475466 0.481596 0.487729 0.493864;
37modul.ator1, wf-mouse 0.915663 0.872093 0;
38modul.ator1, wf_p 1. 1. 1. 1. 1. 1. 1. 1. 1. 1. 1. 1. 1. 1. 1. 1. 1. 1. 1. 1. 1. 1. 1. 1. 1. 1. 1. 1. 1. 1. 1. 1. 1. 1. 1. 1. 1. 1. 1. 1. 1. 1. 1. 1. 1. 1. 1. 1. 1. 1. 1. 1. 1. 1. 1. 1. 1. 1. 1. 1. 1. 1. 1. 1. 1. 1. 1. 1. 1. 1. 1. 1. 1. 1. 1. 1. 1. 1. 1. 1. 0. 0. 0. 0. 0. 0. 0. 0. 0. 0. 0. 0. 0. 0. 0. 0. 0. 0. 0. 0. 0. 0. 0. 0. 0. 0. 0. 0. 0. 0. 0. 0. 0. 0. 0. 0. 0. 0. 0. 0. 0. 0. 0. 0. 0. 0. 0. 0. 0. 0. 0. 0. 0. 0. 0. 0. 0. 0. 0. 0. 0. 0. 0. 0. 0. 0. 0. 0. 0. 0. 0. 0. 0. 0. 0. 0. 0. 0. 0. 0. 0. 0. 0. 0. 0. 0. 0. 0. 0. 0. 0. 0. 0. 0. 0. 0. 0. 0. 0. 0. 0. 0. 0. 0. 0. 0. 0. 0. 0. 0. 0. 0. 0. 0. 0. 0. 0. 0. 0. 0. 0. 0. 0. 0. 0. 0. 0. 0. 0. 0. 0. 0. 0. 0. 0. 0.732558 0.732558 0.732558 0.732558 0.732558 0.732558 0.732558 0.732558 0.732558 0.732558 0.732558 0.732558 0.732558 0.732558 0.736434 0.74031 0.744186 0.748062 0.751938 0.755814 0.755814 0.755814 0.755814 0.755814 0.755814 0.755814 0.767442 0.77907 0.790698 0.802326 0.813953 0.825581 0.829457 0.833333 0.837209 0.841085 0.844961 0.848837 0.852415 0.855993 0.859571 0.863148 0.866726 0.870304 0.873882 0.87746 0.881038 0.884615 0.888193 0.891771 0.895349 0.899225 0.903101 0.906977 0.910853 0.914729 0.918605 0.922481 0.926357 0.930233 0.934108 0.937984 0.94186 0.94186 0.94186 0.94186 0.94186 0.94186 0.965116 0. 0. 0. 0. 0. 0. 0. 0. 0. 0. 0. 0. 0. 0. 0. 0. 0. 0. 0. 0. 0. 0. 0. 0. 0. 0. 0. 0. 0. 0. 0. 0. 0. 0. 0. 0. 0. 0. 0. 0. 0. 0. 0. 0. 0. 0. 0. 0. 0. 0. 0. 0. 0. 0. 0. 0. 0. 0. 0. 0. 0. 0. 0. 0. 0. 0. 0. 0. 0. 0. 0. 0. 0. 0. 0. 0. 0. 0. 0. 0. 0. 0. 0. 0. 0. 0. 0. 0. 0. 0. 0. 0. 0. 0. 0. 0. 0. 0. 0. 0. 0. 0. 0. 0. 0. 0. 0. 0. 0. 0. 0. 0. 0. 0. 0. 0. 0. 0. 0. 0. 0. 0. 0. 0. 0.848837 0.848837 0.848837 0.848837 0.848837 0.848837 0.848837 0.848837 0.848837 0.848837 0.848837 0.848837 0.848837 0.848837 0.848837 0.848837 0.848837 0.848837 0.848837 0.848837 0.848837 0.848837 0.848837 0.848837 0.848837 0.848837 0.848837 0.848837 0.848837 0.848837 0.848837 0.848837 0.848837 0.848837 0.848837 0.848837 0.848837 0.848837 0.848837 0.848837 0.848837 0.848837 0.848837 0.848837 0.848837 0.848837 0.848837 0.848837 0.848837 0.852713 0.856589 0.860465 0.864341 0.868217 0.872093 0.872093 0.872093 0.872093 0.872093 0.872093 0.872093 0. 0. 0. 0. 0. 0. 0. 0. 0. 0. 0. 0. 0. 0. 0. 0. 0. 0. 0. 0. 0. 0. 0. 0. 0. 0. 0. 0. 0. 0. 0. 0. 0. 0. 0. 0. 0. 0. 0. 0. 0. 0. 0.;
39modul.ator1, title_menu clientwindow;
40modul.ator1, pres_menu;
41modul.ator1, tetris_menu;
42modul.ator1, master 0;
4, modul.ator2 modul.ator 285 58 652 117 act;
1modul.ator2, act::active_store 0;
2modul.ator2, freq_Hz 13.5486;
3modul.ator2, freq 13.5486;
4modul.ator2, size 512;
5modul.ator2, hz-ms-switch Hz;
6modul.ator2, wave-calc sin;
7modul.ator2, waves -no-;
8modul.ator2, buffer-menu mod.native;
9modul.ator2, on/off 1;
10modul.ator2, low 0.;
11modul.ator2, link-lo-hi 0;
12modul.ator2, high 0.01;
13modul.ator2, log 0.;
14modul.ator2, syncto sync-off;
15modul.ator2, rate 0.;
16modul.ator2, ring_in 0;
17modul.ator2, interpolate 0;
18modul.ator2, loop 1;
19modul.ator2, settriggermode 0;
20modul.ator2, trigger 0;
21modul.ator2, mes/sig 1.;
22modul.ator2, act_menu modul.ator1;
23modul.ator2, par_menu freq_rel;
24modul.ator2, list_param_item 1;
25modul.ator2, smooth_amt 1;
26modul.ator2, endsmooth 0;
27modul.ator2, smooth 0;
28modul.ator2, speedlim 0;
29modul.ator2, low-slider-min 0.;
30modul.ator2, get! -1;
31modul.ator2, low-slider-max 0.;
32modul.ator2, ramp 0;
33modul.ator2, high-slider-min 0.;
34modul.ator2, high-slider-max 1.;
35modul.ator2, presets 0;
36modul.ator2, preset-ramp 0.034884 0.034884 0.034884 0.034884 0.034884 0.034884 0.034884 0.034884 0.031008 0.027132 0.023256 0.01938 0.015504 0.011628 0.00969 0.007752 0.005814 0.003876 0.001938 0. 0. 0. 0. 0. 0. 0. 0. 0. 0. 0. 0. 0. 0. 0. 0. 0. 0. 0. 0. 0. 0. 0. 0. 0. 0. 0. 0. 0. 0. 0. 0. 0. 0. 0. 0. 0. 0. 0. 0. 0. 0. 0. 0. 0. 0. 0. 0. 0. 0. 0. 0. 0. 0. 0. 0. 0. 0. 0. 0. 0. 0. 0. 0. 0. 0. 0. 0. 0. 0. 0. 0. 0. 0. 0. 0. 0. 0. 0. 0. 0. 0. 0. 0. 0. 0. 0. 0. 0. 0. 0. 0. 0.;
37modul.ator2, wf-mouse 0.891566 -0.569767 0;
38modul.ator2, wf_p 0.5 0.506136 0.512271 0.518404 0.524534 0.53066 0.536782 0.542899 0.549009 0.555111 0.561205 0.56729 0.573365 0.579429 0.585481 0.59152 0.597545 0.603556 0.609551 0.615529 0.62149 0.627433 0.633356 0.63926 0.645142 0.651003 0.656841 0.662655 0.668445 0.674209 0.679947 0.685659 0.691342 0.696996 0.702621 0.708215 0.713778 0.719308 0.724806 0.730269 0.735698 0.741092 0.746449 0.751769 0.757051 0.762295 0.767499 0.772662 0.777785 0.782866 0.787904 0.792899 0.79785 0.802756 0.807616 0.81243 0.817197 0.821916 0.826586 0.831208 0.835779 0.840301 0.84477 0.849188 0.853553 0.857865 0.862124 0.866327 0.870476 0.874568 0.878604 0.882584 0.886505 0.890369 0.894173 0.897918 0.901604 0.905229 0.908792 0.912295 0.915735 0.919112 0.922427 0.925678 0.928864 0.931986 0.935043 0.938035 0.940961 0.94382 0.946612 0.949337 0.951995 0.954584 0.957105 0.959557 0.96194 0.964253 0.966496 0.968669 0.970772 0.972804 0.974764 0.976653 0.97847 0.980215 0.981888 0.983488 0.985016 0.98647 0.987851 0.989159 0.990393 0.991553 0.992639 0.993651 0.994588 0.995451 0.99624 0.996953 0.997592 0.998156 0.998645 0.999059 0.999398 0.999661 0.999849 0.999962 1. 0.999962 0.999849 0.999661 0.999398 0.999059 0.998645 0.998156 0.997592 0.996953 0.99624 0.995451 0.994588 0.993651 0.992639 0.991553 0.990393 0.989159 0.987851 0.98647 0.985016 0.983488 0.981888 0.980215 0.97847 0.976653 0.974764 0.972804 0.970772 0.96867 0.966496 0.964253 0.96194 0.959557 0.957105 0.954584 0.951995 0.949337 0.946612 0.94382 0.940961 0.938035 0.935044 0.931986 0.928864 0.925678 0.922427 0.919112 0.915735 0.912295 0.908792 0.905229 0.901604 0.897918 0.894173 0.890369 0.886505 0.882584 0.878604 0.874568 0.870476 0.866327 0.862124 0.857865 0.853553 0.849188 0.84477 0.840301 0.83578 0.831208 0.826586 0.821916 0.817197 0.81243 0.807616 0.802756 0.79785 0.792899 0.787904 0.782866 0.777785 0.772663 0.767499 0.762295 0.757051 0.751769 0.746449 0.741092 0.735698 0.730269 0.724806 0.719308 0.713778 0.708215 0.702621 0.696996 0.691342 0.685659 0.679948 0.674209 0.668445 0.662655 0.656841 0.651003 0.645142 0.63926 0.633356 0.627433 0.62149 0.615529 0.609551 0.603556 0.597545 0.59152 0.585481 0.579429 0.573365 0.56729 0.561205 0.555111 0.549009 0.542899 0.536782 0.53066 0.524534 0.518404 0.512271 0.506136 0.5 0.493864 0.487729 0.481596 0.475466 0.46934 0.463218 0.457101 0.450992 0.444889 0.438795 0.43271 0.426635 0.420571 0.414519 0.40848 0.402455 0.396444 0.390449 0.384471 0.37851 0.372567 0.366644 0.36074 0.354858 0.348997 0.343159 0.337345 0.331555 0.325791 0.320053 0.314341 0.308658 0.303004 0.297379 0.291785 0.286223 0.280692 0.275194 0.269731 0.264302 0.258908 0.253551 0.248231 0.242949 0.237705 0.232501 0.227338 0.222215 0.217134 0.212096 0.207101 0.20215 0.197245 0.192384 0.18757 0.182803 0.178084 0.173414 0.168792 0.164221 0.1597 0.15523 0.150812 0.146447 0.142135 0.137877 0.133673 0.129524 0.125432 0.121396 0.117416 0.113495 0.109631 0.105827 0.102082 0.098396 0.094771 0.091208 0.087705 0.084265 0.080888 0.077573 0.074322 0.071136 0.068014 0.064957 0.061965 0.059039 0.05618 0.053388 0.050663 0.048005 0.045416 0.042895 0.040443 0.03806 0.035747 0.033504 0.031331 0.029228 0.027196 0.025236 0.023347 0.02153 0.019785 0.018112 0.016512 0.014984 0.01353 0.012149 0.010841 0.009607 0.008447 0.007361 0.006349 0.005412 0.004549 0.00376 0.003047 0.002408 0.001844 0.001355 0.000941 0.000602 0.000339 0.000151 0.000038 0. 0.000038 0.000151 0.000339 0.000602 0.000941 0.001355 0.001844 0.002408 0.003047 0.00376 0.004549 0.005412 0.006349 0.007361 0.008447 0.009607 0.010841 0.012149 0.01353 0.014984 0.016512 0.018112 0.019785 0.02153 0.023347 0.025236 0.027196 0.029228 0.03133 0.033504 0.035747 0.03806 0.040443 0.042895 0.045416 0.048005 0.050663 0.053388 0.05618 0.059039 0.061965 0.064956 0.068014 0.071136 0.074322 0.077573 0.080888 0.084265 0.087705 0.091208 0.094771 0.098396 0.102081 0.105827 0.109631 0.113495 0.117416 0.121395 0.125432 0.129524 0.133673 0.137876 0.142134 0.146447 0.150812 0.15523 0.159699 0.16422 0.168792 0.173413 0.178084 0.182803 0.18757 0.192384 0.197244 0.20215 0.207101 0.212096 0.217134 0.222215 0.227337 0.232501 0.237705 0.242949 0.248231 0.253551 0.258908 0.264302 0.269731 0.275194 0.280692 0.286222 0.291785 0.297379 0.303004 0.308658 0.314341 0.320052 0.325791 0.331555 0.337345 0.343159 0.348997 0.354858 0.36074 0.366643 0.372567 0.37851 0.384471 0.390449 0.396444 0.402455 0.40848 0.414519 0.420571 0.426635 0.432709 0.438795 0.444889 0.450991 0.457101 0.463218 0.469339 0.475466 0.481596 0.487729 0.493864;
39modul.ator2, title_menu clientwindow;
40modul.ator2, pres_menu;
41modul.ator2, tetris_menu;
42modul.ator2, master 0;
5, overdrive@1 overdrive@ 283 201 442 311 act;
1overdrive@1, ll.blues::state 1 1 1 1 0 0 1;
2overdrive@1, ll.blues::dest_channels out_l out_r left_in right_in;
3overdrive@1, ll.blues::dest_acts ho_st1 ho_st1 prdelay@1 prdelay@1;
4overdrive@1, ll.blues::levels 1. 1. 1. 1. 10. 0. 0.5;
5overdrive@1, ll.inputmix::levels 1. 1. 1;
6overdrive@1, act::active_store 0;
7overdrive@1, presets 0;
8overdrive@1, preset-ramp 0.;
9overdrive@1, left-drive 20;
10overdrive@1, right-drive 51;
11overdrive@1, drive-link 0;
12overdrive@1, title_menu info;
13overdrive@1, pres_menu;
14overdrive@1, tetris_menu;
15overdrive@1, master 0;
6, prdelay@1 prdelay@ 281 323 441 463 act;
1prdelay@1, ll.blues::state 1 1 1 1 0 0 1;
2prdelay@1, ll.blues::dest_channels out_l out_r left_in right_in;
3prdelay@1, ll.blues::dest_acts ho_st1 ho_st1 fffb@1 fffb@1;
4prdelay@1, ll.blues::levels 1. 1. 1. 1. 10. 0. 0.5;
5prdelay@1, ll.inputmix::levels 1. 1. 1;
6prdelay@1, act::active_store 0;
7prdelay@1, presets 0;
8prdelay@1, preset-ramp 0;
9prdelay@1, delayL 163;
10prdelay@1, delayR 261;
11prdelay@1, feedback 0.135;
12prdelay@1, link! 0;
13prdelay@1, straight/cross 1;
14prdelay@1, master 0;
15prdelay@1, title_menu info;
16prdelay@1, tetris_menu;
17prdelay@1, pres_menu;
7, snap@1 snap@ 458 330 683 416 "ƒ ducks" act;
1snap@1, act::active_store 0;
2snap@1, selected_acts modul.ator1 prdelay@1 fffb@1 modul.ator2 overdrive@1;
3snap@1, select_acts 0;
4snap@1, next -1;
5snap@1, presets 0;
6snap@1, preset-ramp 0;
7snap@1, title_menu subpatch;
8snap@1, pres_menu "ƒ ducks";
9snap@1, tetris_menu "ƒ ducks";
10snap@1, master 0;
